1={
	position={
		3613.5669 1679.0413 3613.5669 1679.0413 3613.5669 1679.0413 3613.5669 1679.0413 3613.5669 1679.0413 3613.5669 1679.0413 3613.5669 1679.0413
	}
	rotation={
		0.0 0.0 0.0 0.0 0.0 0.0 0.0
	}
	height={
		0.0 0.0 0.0 0.0 0.0 0.0 0.0
	}
}
2={
	position={
		4398.6436 1262.4015 4398.6436 1262.4015 4398.6436 1262.4015 4398.6436 1262.4015 4398.6436 1262.4015 4398.6436 1262.4015 4398.6436 1262.4015
	}
	rotation={
		0.0 0.0 0.0 0.0 0.0 0.0 0.0
	}
	height={
		0.0 0.0 0.0 0.0 0.0 0.0 0.0
	}
}
3={
	position={
		4389.6907 1192.1654 4389.6907 1192.1654 4389.6907 1192.1654 4389.6907 1192.1654 4389.6907 1192.1654 4389.6907 1192.1654 4389.6907 1192.1654
	}
	rotation={
		0.0 0.0 0.0 0.0 0.0 0.0 0.0
	}
	height={
		0.0 0.0 0.0 0.0 0.0 0.0 0.0
	}
}
4={
	position={
		4350.9344 1199.5283 4350.9344 1199.5283 4350.9344 1199.5283 4350.9344 1199.5283 4350.9344 1199.5283 4350.9344 1199.5283 4350.9344 1199.5283
	}
	rotation={
		0.0 0.0 0.0 0.0 0.0 0.0 0.0
	}
	height={
		0.0 0.0 0.0 0.0 0.0 0.0 0.0
	}
}
5={
	position={
		4341.7867 1156.6961 4341.7867 1156.6961 4341.7867 1156.6961 4341.7867 1156.6961 4341.7867 1156.6961 4341.7867 1156.6961 4341.7867 1156.6961
	}
	rotation={
		0.0 0.0 0.0 0.0 0.0 0.0 0.0
	}
	height={
		0.0 0.0 0.0 0.0 0.0 0.0 0.0
	}
}
6={
	position={
		4293.8898 1200.9346 4293.8898 1200.9346 4293.8898 1200.9346 4293.8898 1200.9346 4293.8898 1200.9346 4293.8898 1200.9346 4293.8898 1200.9346
	}
	rotation={
		0.0 0.0 0.0 0.0 0.0 0.0 0.0
	}
	height={
		0.0 0.0 0.0 0.0 0.0 0.0 0.0
	}
}
7={
	position={
		4248.1560 1183.9309 4248.1560 1183.9309 4248.1560 1183.9309 4248.1560 1183.9309 4248.1560 1183.9309 4248.1560 1183.9309 4248.1560 1183.9309
	}
	rotation={
		0.0 0.0 0.0 0.0 0.0 0.0 0.0
	}
	height={
		0.0 0.0 0.0 0.0 0.0 0.0 0.0
	}
}
8={
	position={
		4280.1312 1175.0829 4280.1312 1175.0829 4280.1312 1175.0829 4280.1312 1175.0829 4280.1312 1175.0829 4280.1312 1175.0829 4280.1312 1175.0829
	}
	rotation={
		0.0 0.0 0.0 0.0 0.0 0.0 0.0
	}
	height={
		0.0 0.0 0.0 0.0 0.0 0.0 0.0
	}
}
9={
	position={
		4261.0549 1231.5549 4261.0549 1231.5549 4261.0549 1231.5549 4261.0549 1231.5549 4261.0549 1231.5549 4261.0549 1231.5549 4261.0549 1231.5549
	}
	rotation={
		0.0 0.0 0.0 0.0 0.0 0.0 0.0
	}
	height={
		0.0 0.0 0.0 0.0 0.0 0.0 0.0
	}
}
10={
	position={
		4259.2439 1137.2176 4259.2439 1137.2176 4259.2439 1137.2176 4259.2439 1137.2176 4259.2439 1137.2176 4259.2439 1137.2176 4259.2439 1137.2176
	}
	rotation={
		0.0 0.0 0.0 0.0 0.0 0.0 0.0
	}
	height={
		0.0 0.0 0.0 0.0 0.0 0.0 0.0
	}
}
11={
	position={
		4204.9661 1095.5020 4204.9661 1095.5020 4204.9661 1095.5020 4204.9661 1095.5020 4204.9661 1095.5020 4204.9661 1095.5020 4204.9661 1095.5020
	}
	rotation={
		0.0 0.0 0.0 0.0 0.0 0.0 0.0
	}
	height={
		0.0 0.0 0.0 0.0 0.0 0.0 0.0
	}
}
12={
	position={
		4238.4770 1096.8174 4238.4770 1096.8174 4238.4770 1096.8174 4238.4770 1096.8174 4238.4770 1096.8174 4238.4770 1096.8174 4238.4770 1096.8174
	}
	rotation={
		0.0 0.0 0.0 0.0 0.0 0.0 0.0
	}
	height={
		0.0 0.0 0.0 0.0 0.0 0.0 0.0
	}
}
13={
	position={
		4167.6281 1102.6804 4167.6281 1102.6804 4167.6281 1102.6804 4167.6281 1102.6804 4167.6281 1102.6804 4167.6281 1102.6804 4167.6281 1102.6804
	}
	rotation={
		0.0 0.0 0.0 0.0 0.0 0.0 0.0
	}
	height={
		0.0 0.0 0.0 0.0 0.0 0.0 0.0
	}
}
14={
	position={
		4175.5093 1133.9051 4175.5093 1133.9051 4175.5093 1133.9051 4175.5093 1133.9051 4175.5093 1133.9051 4175.5093 1133.9051 4175.5093 1133.9051
	}
	rotation={
		0.0 0.0 0.0 0.0 0.0 0.0 0.0
	}
	height={
		0.0 0.0 0.0 0.0 0.0 0.0 0.0
	}
}
15={
	position={
		4215.3653 1134.6766 4215.3653 1134.6766 4215.3653 1134.6766 4215.3653 1134.6766 4215.3653 1134.6766 4215.3653 1134.6766 4215.3653 1134.6766
	}
	rotation={
		0.0 0.0 0.0 0.0 0.0 0.0 0.0
	}
	height={
		0.0 0.0 0.0 0.0 0.0 0.0 0.0
	}
}
16={
	position={
		4167.0225 1154.4509 4167.0225 1154.4509 4167.0225 1154.4509 4167.0225 1154.4509 4167.0225 1154.4509 4167.0225 1154.4509 4167.0225 1154.4509
	}
	rotation={
		0.0 0.0 0.0 0.0 0.0 0.0 0.0
	}
	height={
		0.0 0.0 0.0 0.0 0.0 0.0 0.0
	}
}
17={
	position={
		4212.0811 1120.7905 4212.0811 1120.7905 4212.0811 1120.7905 4212.0811 1120.7905 4212.0811 1120.7905 4212.0811 1120.7905 4212.0811 1120.7905
	}
	rotation={
		0.0 0.0 0.0 0.0 0.0 0.0 0.0
	}
	height={
		0.0 0.0 0.0 0.0 0.0 0.0 0.0
	}
}
18={
	position={
		4162.0696 1017.1987 4162.0696 1017.1987 4162.0696 1017.1987 4162.0696 1017.1987 4162.0696 1017.1987 4162.0696 1017.1987 4162.0696 1017.1987
	}
	rotation={
		0.0 0.0 0.0 0.0 0.0 0.0 0.0
	}
	height={
		0.0 0.0 0.0 0.0 0.0 0.0 0.0
	}
}
19={
	position={
		4198.5314 1043.0790 4198.5314 1043.0790 4198.5314 1043.0790 4198.5314 1043.0790 4198.5314 1043.0790 4198.5314 1043.0790 4198.5314 1043.0790
	}
	rotation={
		0.0 0.0 0.0 0.0 0.0 0.0 0.0
	}
	height={
		0.0 0.0 0.0 0.0 0.0 0.0 0.0
	}
}
20={
	position={
		4117.1190 999.2851 4117.1190 999.2851 4117.1190 999.2851 4117.1190 999.2851 4117.1190 999.2851 4117.1190 999.2851 4117.1190 999.2851
	}
	rotation={
		0.0 0.0 0.0 0.0 0.0 0.0 0.0
	}
	height={
		0.0 0.0 0.0 0.0 0.0 0.0 0.0
	}
}
21={
	position={
		4222.9102 1008.7868 4222.9102 1008.7868 4222.9102 1008.7868 4222.9102 1008.7868 4222.9102 1008.7868 4222.9102 1008.7868 4222.9102 1008.7868
	}
	rotation={
		0.0 0.0 0.0 0.0 0.0 0.0 0.0
	}
	height={
		0.0 0.0 0.0 0.0 0.0 0.0 0.0
	}
}
22={
	position={
		4153.6284 1070.1933 4153.6284 1070.1933 4153.6284 1070.1933 4153.6284 1070.1933 4153.6284 1070.1933 4153.6284 1070.1933 4153.6284 1070.1933
	}
	rotation={
		0.0 0.0 0.0 0.0 0.0 0.0 0.0
	}
	height={
		0.0 0.0 0.0 0.0 0.0 0.0 0.0
	}
}
23={
	position={
		4105.2189 1039.6579 4105.2189 1039.6579 4105.2189 1039.6579 4105.2189 1039.6579 4105.2189 1039.6579 4105.2189 1039.6579 4105.2189 1039.6579
	}
	rotation={
		0.0 0.0 0.0 0.0 0.0 0.0 0.0
	}
	height={
		0.0 0.0 0.0 0.0 0.0 0.0 0.0
	}
}
24={
	position={
		4091.9325 1073.1527 4091.9325 1073.1527 4091.9325 1073.1527 4091.9325 1073.1527 4091.9325 1073.1527 4091.9325 1073.1527 4091.9325 1073.1527
	}
	rotation={
		0.0 0.0 0.0 0.0 0.0 0.0 0.0
	}
	height={
		0.0 0.0 0.0 0.0 0.0 0.0 0.0
	}
}
25={
	position={
		4113.5062 1109.3512 4113.5062 1109.3512 4113.5062 1109.3512 4113.5062 1109.3512 4113.5062 1109.3512 4113.5062 1109.3512 4113.5062 1109.3512
	}
	rotation={
		0.0 0.0 0.0 0.0 0.0 0.0 0.0
	}
	height={
		0.0 0.0 0.0 0.0 0.0 0.0 0.0
	}
}
26={
	position={
		4050.1985 1077.3307 4050.1985 1077.3307 4050.1985 1077.3307 4050.1985 1077.3307 4050.1985 1077.3307 4050.1985 1077.3307 4050.1985 1077.3307
	}
	rotation={
		0.0 0.0 0.0 0.0 0.0 0.0 0.0
	}
	height={
		0.0 0.0 0.0 0.0 0.0 0.0 0.0
	}
}
27={
	position={
		4084.7891 1139.2891 4084.7891 1139.2891 4084.7891 1139.2891 4084.7891 1139.2891 4084.7891 1139.2891 4084.7891 1139.2891 4084.7891 1139.2891
	}
	rotation={
		0.0 0.0 0.0 0.0 0.0 0.0 0.0
	}
	height={
		0.0 0.0 0.0 0.0 0.0 0.0 0.0
	}
}
28={
	position={
		4349.4230 1108.5938 4349.4230 1108.5938 4349.4230 1108.5938 4349.4230 1108.5938 4349.4230 1108.5938 4349.4230 1108.5938 4349.4230 1108.5938
	}
	rotation={
		0.0 0.0 0.0 0.0 0.0 0.0 0.0
	}
	height={
		0.0 0.0 0.0 0.0 0.0 0.0 0.0
	}
}
29={
	position={
		4379.9746 1125.5523 4379.9746 1125.5523 4379.9746 1125.5523 4379.9746 1125.5523 4379.9746 1125.5523 4379.9746 1125.5523 4379.9746 1125.5523
	}
	rotation={
		0.0 0.0 0.0 0.0 0.0 0.0 0.0
	}
	height={
		0.0 0.0 0.0 0.0 0.0 0.0 0.0
	}
}
30={
	position={
		4301.4059 1095.0522 4301.4059 1095.0522 4301.4059 1095.0522 4301.4059 1095.0522 4301.4059 1095.0522 4301.4059 1095.0522 4301.4059 1095.0522
	}
	rotation={
		0.0 0.0 0.0 0.0 0.0 0.0 0.0
	}
	height={
		0.0 0.0 0.0 0.0 0.0 0.0 0.0
	}
}
31={
	position={
		4322.4893 1054.0812 4322.4893 1054.0812 4322.4893 1054.0812 4322.4893 1054.0812 4322.4893 1054.0812 4322.4893 1054.0812 4322.4893 1054.0812
	}
	rotation={
		0.0 0.0 0.0 0.0 0.0 0.0 0.0
	}
	height={
		0.0 0.0 0.0 0.0 0.0 0.0 0.0
	}
}
32={
	position={
		4261.8925 1050.0185 4261.8925 1050.0185 4261.8925 1050.0185 4261.8925 1050.0185 4261.8925 1050.0185 4261.8925 1050.0185 4261.8925 1050.0185
	}
	rotation={
		0.0 0.0 0.0 0.0 0.0 0.0 0.0
	}
	height={
		0.0 0.0 0.0 0.0 0.0 0.0 0.0
	}
}
33={
	position={
		4234.7295 1069.3507 4234.7295 1069.3507 4234.7295 1069.3507 4234.7295 1069.3507 4234.7295 1069.3507 4234.7295 1069.3507 4234.7295 1069.3507
	}
	rotation={
		0.0 0.0 0.0 0.0 0.0 0.0 0.0
	}
	height={
		0.0 0.0 0.0 0.0 0.0 0.0 0.0
	}
}
34={
	position={
		4279.5087 1009.4000 4279.5087 1009.4000 4279.5087 1009.4000 4279.5087 1009.4000 4279.5087 1009.4000 4279.5087 1009.4000 4279.5087 1009.4000
	}
	rotation={
		0.0 0.0 0.0 0.0 0.0 0.0 0.0
	}
	height={
		0.0 0.0 0.0 0.0 0.0 0.0 0.0
	}
}
35={
	position={
		4243.6561 982.4777 4243.6561 982.4777 4243.6561 982.4777 4243.6561 982.4777 4243.6561 982.4777 4243.6561 982.4777 4243.6561 982.4777
	}
	rotation={
		0.0 0.0 0.0 0.0 0.0 0.0 0.0
	}
	height={
		0.0 0.0 0.0 0.0 0.0 0.0 0.0
	}
}
36={
	position={
		4176.5419 963.5453 4176.5419 963.5453 4176.5419 963.5453 4176.5419 963.5453 4176.5419 963.5453 4176.5419 963.5453 4176.5419 963.5453
	}
	rotation={
		0.0 0.0 0.0 0.0 0.0 0.0 0.0
	}
	height={
		0.0 0.0 0.0 0.0 0.0 0.0 0.0
	}
}
37={
	position={
		4116.5180 959.7548 4116.5180 959.7548 4116.5180 959.7548 4116.5180 959.7548 4116.5180 959.7548 4116.5180 959.7548 4116.5180 959.7548
	}
	rotation={
		0.0 0.0 0.0 0.0 0.0 0.0 0.0
	}
	height={
		0.0 0.0 0.0 0.0 0.0 0.0 0.0
	}
}
38={
	position={
		4047.4873 913.8053 4047.4873 913.8053 4047.4873 913.8053 4047.4873 913.8053 4047.4873 913.8053 4047.4873 913.8053 4047.4873 913.8053
	}
	rotation={
		0.0 0.0 0.0 0.0 0.0 0.0 0.0
	}
	height={
		0.0 0.0 0.0 0.0 0.0 0.0 0.0
	}
}
39={
	position={
		4061.4393 977.2988 4061.4393 977.2988 4061.4393 977.2988 4061.4393 977.2988 4061.4393 977.2988 4061.4393 977.2988 4061.4393 977.2988
	}
	rotation={
		0.0 0.0 0.0 0.0 0.0 0.0 0.0
	}
	height={
		0.0 0.0 0.0 0.0 0.0 0.0 0.0
	}
}
40={
	position={
		4030.5542 1028.7325 4030.5542 1028.7325 4030.5542 1028.7325 4030.5542 1028.7325 4030.5542 1028.7325 4030.5542 1028.7325 4030.5542 1028.7325
	}
	rotation={
		0.0 0.0 0.0 0.0 0.0 0.0 0.0
	}
	height={
		0.0 0.0 0.0 0.0 0.0 0.0 0.0
	}
}
41={
	position={
		4351.5809 1021.6403 4351.5809 1021.6403 4351.5809 1021.6403 4351.5809 1021.6403 4351.5809 1021.6403 4351.5809 1021.6403 4351.5809 1021.6403
	}
	rotation={
		0.0 0.0 0.0 0.0 0.0 0.0 0.0
	}
	height={
		0.0 0.0 0.0 0.0 0.0 0.0 0.0
	}
}
42={
	position={
		4401.4615 1066.7823 4401.4615 1066.7823 4401.4615 1066.7823 4401.4615 1066.7823 4401.4615 1066.7823 4401.4615 1066.7823 4401.4615 1066.7823
	}
	rotation={
		0.0 0.0 0.0 0.0 0.0 0.0 0.0
	}
	height={
		0.0 0.0 0.0 0.0 0.0 0.0 0.0
	}
}
43={
	position={
		4423.3904 1014.4550 4423.3904 1014.4550 4423.3904 1014.4550 4423.3904 1014.4550 4423.3904 1014.4550 4423.3904 1014.4550 4423.3904 1014.4550
	}
	rotation={
		0.0 0.0 0.0 0.0 0.0 0.0 0.0
	}
	height={
		0.0 0.0 0.0 0.0 0.0 0.0 0.0
	}
}
44={
	position={
		4307.3727 1138.7636 4307.3727 1138.7636 4307.3727 1138.7636 4307.3727 1138.7636 4307.3727 1138.7636 4307.3727 1138.7636 4307.3727 1138.7636
	}
	rotation={
		0.0 0.0 0.0 0.0 0.0 0.0 0.0
	}
	height={
		0.0 0.0 0.0 0.0 0.0 0.0 0.0
	}
}
45={
	position={
		4338.9749 1105.7240 4338.9749 1105.7240 4338.9749 1105.7240 4338.9749 1105.7240 4338.9749 1105.7240 4338.9749 1105.7240 4338.9749 1105.7240
	}
	rotation={
		0.0 0.0 0.0 0.0 0.0 0.0 0.0
	}
	height={
		0.0 0.0 0.0 0.0 0.0 0.0 0.0
	}
}
46={
	position={
		4351.3271 962.1242 4351.3271 962.1242 4351.3271 962.1242 4351.3271 962.1242 4351.3271 962.1242 4351.3271 962.1242 4351.3271 962.1242
	}
	rotation={
		0.0 0.0 0.0 0.0 0.0 0.0 0.0
	}
	height={
		0.0 0.0 0.0 0.0 0.0 0.0 0.0
	}
}
47={
	position={
		4410.0525 944.7374 4410.0525 944.7374 4410.0525 944.7374 4410.0525 944.7374 4410.0525 944.7374 4410.0525 944.7374 4410.0525 944.7374
	}
	rotation={
		0.0 0.0 0.0 0.0 0.0 0.0 0.0
	}
	height={
		0.0 0.0 0.0 0.0 0.0 0.0 0.0
	}
}
48={
	position={
		4355.6949 885.9332 4355.6949 885.9332 4355.6949 885.9332 4355.6949 885.9332 4355.6949 885.9332 4355.6949 885.9332 4355.6949 885.9332
	}
	rotation={
		0.0 0.0 0.0 0.0 0.0 0.0 0.0
	}
	height={
		0.0 0.0 0.0 0.0 0.0 0.0 0.0
	}
}
49={
	position={
		4356.8973 846.1584 4356.8973 846.1584 4356.8973 846.1584 4356.8973 846.1584 4356.8973 846.1584 4356.8973 846.1584 4356.8973 846.1584
	}
	rotation={
		0.0 0.0 0.0 0.0 0.0 0.0 0.0
	}
	height={
		0.0 0.0 0.0 0.0 0.0 0.0 0.0
	}
}
50={
	position={
		4284.6865 946.2439 4284.6865 946.2439 4284.6865 946.2439 4284.6865 946.2439 4284.6865 946.2439 4284.6865 946.2439 4284.6865 946.2439
	}
	rotation={
		0.0 0.0 0.0 0.0 0.0 0.0 0.0
	}
	height={
		0.0 0.0 0.0 0.0 0.0 0.0 0.0
	}
}
51={
	position={
		4278.7713 884.6093 4278.7713 884.6093 4278.7713 884.6093 4278.7713 884.6093 4278.7713 884.6093 4278.7713 884.6093 4278.7713 884.6093
	}
	rotation={
		0.0 0.0 0.0 0.0 0.0 0.0 0.0
	}
	height={
		0.0 0.0 0.0 0.0 0.0 0.0 0.0
	}
}
52={
	position={
		4265.9580 839.8679 4265.9580 839.8679 4265.9580 839.8679 4265.9580 839.8679 4265.9580 839.8679 4265.9580 839.8679 4265.9580 839.8679
	}
	rotation={
		0.0 0.0 0.0 0.0 0.0 0.0 0.0
	}
	height={
		0.0 0.0 0.0 0.0 0.0 0.0 0.0
	}
}
53={
	position={
		4219.6750 922.7538 4219.6750 922.7538 4219.6750 922.7538 4219.6750 922.7538 4219.6750 922.7538 4219.6750 922.7538 4219.6750 922.7538
	}
	rotation={
		0.0 0.0 0.0 0.0 0.0 0.0 0.0
	}
	height={
		0.0 0.0 0.0 0.0 0.0 0.0 0.0
	}
}
54={
	position={
		4158.8543 888.7647 4158.8543 888.7647 4158.8543 888.7647 4158.8543 888.7647 4158.8543 888.7647 4158.8543 888.7647 4158.8543 888.7647
	}
	rotation={
		0.0 0.0 0.0 0.0 0.0 0.0 0.0
	}
	height={
		0.0 0.0 0.0 0.0 0.0 0.0 0.0
	}
}
55={
	position={
		4195.7772 841.3610 4195.7772 841.3610 4195.7772 841.3610 4195.7772 841.3610 4195.7772 841.3610 4195.7772 841.3610 4195.7772 841.3610
	}
	rotation={
		0.0 0.0 0.0 0.0 0.0 0.0 0.0
	}
	height={
		0.0 0.0 0.0 0.0 0.0 0.0 0.0
	}
}
56={
	position={
		4131.3252 814.2913 4131.3252 814.2913 4131.3252 814.2913 4131.3252 814.2913 4131.3252 814.2913 4131.3252 814.2913 4131.3252 814.2913
	}
	rotation={
		0.0 0.0 0.0 0.0 0.0 0.0 0.0
	}
	height={
		0.0 0.0 0.0 0.0 0.0 0.0 0.0
	}
}
57={
	position={
		4137.1874 730.8508 4137.1874 730.8508 4137.1874 730.8508 4137.1874 730.8508 4137.1874 730.8508 4137.1874 730.8508 4137.1874 730.8508
	}
	rotation={
		0.0 0.0 0.0 0.0 0.0 0.0 0.0
	}
	height={
		0.0 0.0 0.0 0.0 0.0 0.0 0.0
	}
}
58={
	position={
		4196.8394 737.1114 4196.8394 737.1114 4196.8394 737.1114 4196.8394 737.1114 4196.8394 737.1114 4196.8394 737.1114 4196.8394 737.1114
	}
	rotation={
		0.0 0.0 0.0 0.0 0.0 0.0 0.0
	}
	height={
		0.0 0.0 0.0 0.0 0.0 0.0 0.0
	}
}
59={
	position={
		4197.1236 693.9787 4197.1236 693.9787 4197.1236 693.9787 4197.1236 693.9787 4197.1236 693.9787 4197.1236 693.9787 4197.1236 693.9787
	}
	rotation={
		0.0 0.0 0.0 0.0 0.0 0.0 0.0
	}
	height={
		0.0 0.0 0.0 0.0 0.0 0.0 0.0
	}
}
60={
	position={
		4260.9145 701.8643 4260.9145 701.8643 4260.9145 701.8643 4260.9145 701.8643 4260.9145 701.8643 4260.9145 701.8643 4260.9145 701.8643
	}
	rotation={
		0.0 0.0 0.0 0.0 0.0 0.0 0.0
	}
	height={
		0.0 0.0 0.0 0.0 0.0 0.0 0.0
	}
}
61={
	position={
		4252.9250 661.3688 4252.9250 661.3688 4252.9250 661.3688 4252.9250 661.3688 4252.9250 661.3688 4252.9250 661.3688 4252.9250 661.3688
	}
	rotation={
		0.0 0.0 0.0 0.0 0.0 0.0 0.0
	}
	height={
		0.0 0.0 0.0 0.0 0.0 0.0 0.0
	}
}
62={
	position={
		4260.8340 621.5755 4260.8340 621.5755 4260.8340 621.5755 4260.8340 621.5755 4260.8340 621.5755 4260.8340 621.5755 4260.8340 621.5755
	}
	rotation={
		0.0 0.0 0.0 0.0 0.0 0.0 0.0
	}
	height={
		0.0 0.0 0.0 0.0 0.0 0.0 0.0
	}
}
63={
	position={
		4193.8314 643.4889 4193.8314 643.4889 4193.8314 643.4889 4193.8314 643.4889 4193.8314 643.4889 4193.8314 643.4889 4193.8314 643.4889
	}
	rotation={
		0.0 0.0 0.0 0.0 0.0 0.0 0.0
	}
	height={
		0.0 0.0 0.0 0.0 0.0 0.0 0.0
	}
}
64={
	position={
		4136.2126 671.6336 4136.2126 671.6336 4136.2126 671.6336 4136.2126 671.6336 4136.2126 671.6336 4136.2126 671.6336 4136.2126 671.6336
	}
	rotation={
		0.0 0.0 0.0 0.0 0.0 0.0 0.0
	}
	height={
		0.0 0.0 0.0 0.0 0.0 0.0 0.0
	}
}
65={
	position={
		4093.1867 665.3606 4093.1867 665.3606 4093.1867 665.3606 4093.1867 665.3606 4093.1867 665.3606 4093.1867 665.3606 4093.1867 665.3606
	}
	rotation={
		0.0 0.0 0.0 0.0 0.0 0.0 0.0
	}
	height={
		0.0 0.0 0.0 0.0 0.0 0.0 0.0
	}
}
66={
	position={
		4221.1681 791.8626 4221.1681 791.8626 4221.1681 791.8626 4221.1681 791.8626 4221.1681 791.8626 4221.1681 791.8626 4221.1681 791.8626
	}
	rotation={
		0.0 0.0 0.0 0.0 0.0 0.0 0.0
	}
	height={
		0.0 0.0 0.0 0.0 0.0 0.0 0.0
	}
}
67={
	position={
		4239.2075 761.8208 4239.2075 761.8208 4239.2075 761.8208 4239.2075 761.8208 4239.2075 761.8208 4239.2075 761.8208 4239.2075 761.8208
	}
	rotation={
		0.0 0.0 0.0 0.0 0.0 0.0 0.0
	}
	height={
		0.0 0.0 0.0 0.0 0.0 0.0 0.0
	}
}
68={
	position={
		4304.9724 766.7733 4304.9724 766.7733 4304.9724 766.7733 4304.9724 766.7733 4304.9724 766.7733 4304.9724 766.7733 4304.9724 766.7733
	}
	rotation={
		0.0 0.0 0.0 0.0 0.0 0.0 0.0
	}
	height={
		0.0 0.0 0.0 0.0 0.0 0.0 0.0
	}
}
69={
	position={
		4334.7351 698.1510 4334.7351 698.1510 4334.7351 698.1510 4334.7351 698.1510 4334.7351 698.1510 4334.7351 698.1510 4334.7351 698.1510
	}
	rotation={
		0.0 0.0 0.0 0.0 0.0 0.0 0.0
	}
	height={
		0.0 0.0 0.0 0.0 0.0 0.0 0.0
	}
}
70={
	position={
		4345.5437 667.3397 4345.5437 667.3397 4345.5437 667.3397 4345.5437 667.3397 4345.5437 667.3397 4345.5437 667.3397 4345.5437 667.3397
	}
	rotation={
		0.0 0.0 0.0 0.0 0.0 0.0 0.0
	}
	height={
		0.0 0.0 0.0 0.0 0.0 0.0 0.0
	}
}
71={
	position={
		4399.4650 651.2099 4399.4650 651.2099 4399.4650 651.2099 4399.4650 651.2099 4399.4650 651.2099 4399.4650 651.2099 4399.4650 651.2099
	}
	rotation={
		0.0 0.0 0.0 0.0 0.0 0.0 0.0
	}
	height={
		0.0 0.0 0.0 0.0 0.0 0.0 0.0
	}
}
72={
	position={
		4350.9384 750.7646 4350.9384 750.7646 4350.9384 750.7646 4350.9384 750.7646 4350.9384 750.7646 4350.9384 750.7646 4350.9384 750.7646
	}
	rotation={
		0.0 0.0 0.0 0.0 0.0 0.0 0.0
	}
	height={
		0.0 0.0 0.0 0.0 0.0 0.0 0.0
	}
}
73={
	position={
		4382.1047 726.4087 4382.1047 726.4087 4382.1047 726.4087 4382.1047 726.4087 4382.1047 726.4087 4382.1047 726.4087 4382.1047 726.4087
	}
	rotation={
		0.0 0.0 0.0 0.0 0.0 0.0 0.0
	}
	height={
		0.0 0.0 0.0 0.0 0.0 0.0 0.0
	}
}
74={
	position={
		4395.9047 812.0104 4395.9047 812.0104 4395.9047 812.0104 4395.9047 812.0104 4395.9047 812.0104 4395.9047 812.0104 4395.9047 812.0104
	}
	rotation={
		0.0 0.0 0.0 0.0 0.0 0.0 0.0
	}
	height={
		0.0 0.0 0.0 0.0 0.0 0.0 0.0
	}
}
75={
	position={
		4360.7755 788.8542 4360.7755 788.8542 4360.7755 788.8542 4360.7755 788.8542 4360.7755 788.8542 4360.7755 788.8542 4360.7755 788.8542
	}
	rotation={
		0.0 0.0 0.0 0.0 0.0 0.0 0.0
	}
	height={
		0.0 0.0 0.0 0.0 0.0 0.0 0.0
	}
}
76={
	position={
		4297.5432 635.3902 4297.5432 635.3902 4297.5432 635.3902 4297.5432 635.3902 4297.5432 635.3902 4297.5432 635.3902 4297.5432 635.3902
	}
	rotation={
		0.0 0.0 0.0 0.0 0.0 0.0 0.0
	}
	height={
		0.0 0.0 0.0 0.0 0.0 0.0 0.0
	}
}
77={
	position={
		4030.0364 639.7716 4030.0364 639.7716 4030.0364 639.7716 4030.0364 639.7716 4030.0364 639.7716 4030.0364 639.7716 4030.0364 639.7716
	}
	rotation={
		0.0 0.0 0.0 0.0 0.0 0.0 0.0
	}
	height={
		0.0 0.0 0.0 0.0 0.0 0.0 0.0
	}
}
78={
	position={
		4086.2623 628.7581 4086.2623 628.7581 4086.2623 628.7581 4086.2623 628.7581 4086.2623 628.7581 4086.2623 628.7581 4086.2623 628.7581
	}
	rotation={
		0.0 0.0 0.0 0.0 0.0 0.0 0.0
	}
	height={
		0.0 0.0 0.0 0.0 0.0 0.0 0.0
	}
}
79={
	position={
		4086.8939 569.5757 4086.8939 569.5757 4086.8939 569.5757 4086.8939 569.5757 4086.8939 569.5757 4086.8939 569.5757 4086.8939 569.5757
	}
	rotation={
		0.0 0.0 0.0 0.0 0.0 0.0 0.0
	}
	height={
		0.0 0.0 0.0 0.0 0.0 0.0 0.0
	}
}
80={
	position={
		4054.6389 592.2025 4054.6389 592.2025 4054.6389 592.2025 4054.6389 592.2025 4054.6389 592.2025 4054.6389 592.2025 4054.6389 592.2025
	}
	rotation={
		0.0 0.0 0.0 0.0 0.0 0.0 0.0
	}
	height={
		0.0 0.0 0.0 0.0 0.0 0.0 0.0
	}
}
81={
	position={
		4077.4465 530.5275 4077.4465 530.5275 4077.4465 530.5275 4077.4465 530.5275 4077.4465 530.5275 4077.4465 530.5275 4077.4465 530.5275
	}
	rotation={
		0.0 0.0 0.0 0.0 0.0 0.0 0.0
	}
	height={
		0.0 0.0 0.0 0.0 0.0 0.0 0.0
	}
}
82={
	position={
		4016.2883 605.6914 4016.2883 605.6914 4016.2883 605.6914 4016.2883 605.6914 4016.2883 605.6914 4016.2883 605.6914 4016.2883 605.6914
	}
	rotation={
		0.0 0.0 0.0 0.0 0.0 0.0 0.0
	}
	height={
		0.0 0.0 0.0 0.0 0.0 0.0 0.0
	}
}
83={
	position={
		4043.8079 551.7100 4043.8079 551.7100 4043.8079 551.7100 4043.8079 551.7100 4043.8079 551.7100 4043.8079 551.7100 4043.8079 551.7100
	}
	rotation={
		0.0 0.0 0.0 0.0 0.0 0.0 0.0
	}
	height={
		0.0 0.0 0.0 0.0 0.0 0.0 0.0
	}
}
84={
	position={
		3990.3641 600.5832 3990.3641 600.5832 3990.3641 600.5832 3990.3641 600.5832 3990.3641 600.5832 3990.3641 600.5832 3990.3641 600.5832
	}
	rotation={
		0.0 0.0 0.0 0.0 0.0 0.0 0.0
	}
	height={
		0.0 0.0 0.0 0.0 0.0 0.0 0.0
	}
}
85={
	position={
		3981.8314 560.9486 3981.8314 560.9486 3981.8314 560.9486 3981.8314 560.9486 3981.8314 560.9486 3981.8314 560.9486 3981.8314 560.9486
	}
	rotation={
		0.0 0.0 0.0 0.0 0.0 0.0 0.0
	}
	height={
		0.0 0.0 0.0 0.0 0.0 0.0 0.0
	}
}
86={
	position={
		3923.6659 548.1978 3923.6659 548.1978 3923.6659 548.1978 3923.6659 548.1978 3923.6659 548.1978 3923.6659 548.1978 3923.6659 548.1978
	}
	rotation={
		0.0 0.0 0.0 0.0 0.0 0.0 0.0
	}
	height={
		0.0 0.0 0.0 0.0 0.0 0.0 0.0
	}
}
87={
	position={
		3941.3359 521.5103 3941.3359 521.5103 3941.3359 521.5103 3941.3359 521.5103 3941.3359 521.5103 3941.3359 521.5103 3941.3359 521.5103
	}
	rotation={
		0.0 0.0 0.0 0.0 0.0 0.0 0.0
	}
	height={
		0.0 0.0 0.0 0.0 0.0 0.0 0.0
	}
}
88={
	position={
		3910.9006 481.0327 3910.9006 481.0327 3910.9006 481.0327 3910.9006 481.0327 3910.9006 481.0327 3910.9006 481.0327 3910.9006 481.0327
	}
	rotation={
		0.0 0.0 0.0 0.0 0.0 0.0 0.0
	}
	height={
		0.0 0.0 0.0 0.0 0.0 0.0 0.0
	}
}
89={
	position={
		3950.1259 475.1094 3950.1259 475.1094 3950.1259 475.1094 3950.1259 475.1094 3950.1259 475.1094 3950.1259 475.1094 3950.1259 475.1094
	}
	rotation={
		0.0 0.0 0.0 0.0 0.0 0.0 0.0
	}
	height={
		0.0 0.0 0.0 0.0 0.0 0.0 0.0
	}
}
90={
	position={
		3916.0745 449.9425 3916.0745 449.9425 3916.0745 449.9425 3916.0745 449.9425 3916.0745 449.9425 3916.0745 449.9425 3916.0745 449.9425
	}
	rotation={
		0.0 0.0 0.0 0.0 0.0 0.0 0.0
	}
	height={
		0.0 0.0 0.0 0.0 0.0 0.0 0.0
	}
}
91={
	position={
		3949.5272 436.3112 3949.5272 436.3112 3949.5272 436.3112 3949.5272 436.3112 3949.5272 436.3112 3949.5272 436.3112 3949.5272 436.3112
	}
	rotation={
		0.0 0.0 0.0 0.0 0.0 0.0 0.0
	}
	height={
		0.0 0.0 0.0 0.0 0.0 0.0 0.0
	}
}
92={
	position={
		3926.1844 406.0567 3926.1844 406.0567 3926.1844 406.0567 3926.1844 406.0567 3926.1844 406.0567 3926.1844 406.0567 3926.1844 406.0567
	}
	rotation={
		0.0 0.0 0.0 0.0 0.0 0.0 0.0
	}
	height={
		0.0 0.0 0.0 0.0 0.0 0.0 0.0
	}
}
93={
	position={
		3926.0611 372.2615 3926.0611 372.2615 3926.0611 372.2615 3926.0611 372.2615 3926.0611 372.2615 3926.0611 372.2615 3926.0611 372.2615
	}
	rotation={
		0.0 0.0 0.0 0.0 0.0 0.0 0.0
	}
	height={
		0.0 0.0 0.0 0.0 0.0 0.0 0.0
	}
}
94={
	position={
		3957.5546 375.6322 3957.5546 375.6322 3957.5546 375.6322 3957.5546 375.6322 3957.5546 375.6322 3957.5546 375.6322 3957.5546 375.6322
	}
	rotation={
		0.0 0.0 0.0 0.0 0.0 0.0 0.0
	}
	height={
		0.0 0.0 0.0 0.0 0.0 0.0 0.0
	}
}
95={
	position={
		3981.8267 401.2805 3981.8267 401.2805 3981.8267 401.2805 3981.8267 401.2805 3981.8267 401.2805 3981.8267 401.2805 3981.8267 401.2805
	}
	rotation={
		0.0 0.0 0.0 0.0 0.0 0.0 0.0
	}
	height={
		0.0 0.0 0.0 0.0 0.0 0.0 0.0
	}
}
96={
	position={
		4011.0103 433.6780 4011.0103 433.6780 4011.0103 433.6780 4011.0103 433.6780 4011.0103 433.6780 4011.0103 433.6780 4011.0103 433.6780
	}
	rotation={
		0.0 0.0 0.0 0.0 0.0 0.0 0.0
	}
	height={
		0.0 0.0 0.0 0.0 0.0 0.0 0.0
	}
}
97={
	position={
		4074.2566 401.2199 4074.2566 401.2199 4074.2566 401.2199 4074.2566 401.2199 4074.2566 401.2199 4074.2566 401.2199 4074.2566 401.2199
	}
	rotation={
		0.0 0.0 0.0 0.0 0.0 0.0 0.0
	}
	height={
		0.0 0.0 0.0 0.0 0.0 0.0 0.0
	}
}
98={
	position={
		4147.3425 380.7405 4147.3425 380.7405 4147.3425 380.7405 4147.3425 380.7405 4147.3425 380.7405 4147.3425 380.7405 4147.3425 380.7405
	}
	rotation={
		0.0 0.0 0.0 0.0 0.0 0.0 0.0
	}
	height={
		0.0 0.0 0.0 0.0 0.0 0.0 0.0
	}
}
99={
	position={
		4123.5901 431.7125 4123.5901 431.7125 4123.5901 431.7125 4123.5901 431.7125 4123.5901 431.7125 4123.5901 431.7125 4123.5901 431.7125
	}
	rotation={
		0.0 0.0 0.0 0.0 0.0 0.0 0.0
	}
	height={
		0.0 0.0 0.0 0.0 0.0 0.0 0.0
	}
}
100={
	position={
		4176.9906 460.5537 4176.9906 460.5537 4176.9906 460.5537 4176.9906 460.5537 4176.9906 460.5537 4176.9906 460.5537 4176.9906 460.5537
	}
	rotation={
		0.0 0.0 0.0 0.0 0.0 0.0 0.0
	}
	height={
		0.0 0.0 0.0 0.0 0.0 0.0 0.0
	}
}
101={
	position={
		4070.3299 459.8018 4070.3299 459.8018 4070.3299 459.8018 4070.3299 459.8018 4070.3299 459.8018 4070.3299 459.8018 4070.3299 459.8018
	}
	rotation={
		0.0 0.0 0.0 0.0 0.0 0.0 0.0
	}
	height={
		0.0 0.0 0.0 0.0 0.0 0.0 0.0
	}
}
102={
	position={
		4039.7547 505.8050 4039.7547 505.8050 4039.7547 505.8050 4039.7547 505.8050 4039.7547 505.8050 4039.7547 505.8050 4039.7547 505.8050
	}
	rotation={
		0.0 0.0 0.0 0.0 0.0 0.0 0.0
	}
	height={
		0.0 0.0 0.0 0.0 0.0 0.0 0.0
	}
}
103={
	position={
		4001.2057 490.8687 4001.2057 490.8687 4001.2057 490.8687 4001.2057 490.8687 4001.2057 490.8687 4001.2057 490.8687 4001.2057 490.8687
	}
	rotation={
		0.0 0.0 0.0 0.0 0.0 0.0 0.0
	}
	height={
		0.0 0.0 0.0 0.0 0.0 0.0 0.0
	}
}
104={
	position={
		4097.9417 901.2172 4097.9417 901.2172 4097.9417 901.2172 4097.9417 901.2172 4097.9417 901.2172 4097.9417 901.2172 4097.9417 901.2172
	}
	rotation={
		0.0 0.0 0.0 0.0 0.0 0.0 0.0
	}
	height={
		0.0 0.0 0.0 0.0 0.0 0.0 0.0
	}
}
105={
	position={
		4081.4056 838.9079 4081.4056 838.9079 4081.4056 838.9079 4081.4056 838.9079 4081.4056 838.9079 4081.4056 838.9079 4081.4056 838.9079
	}
	rotation={
		0.0 0.0 0.0 0.0 0.0 0.0 0.0
	}
	height={
		0.0 0.0 0.0 0.0 0.0 0.0 0.0
	}
}
106={
	position={
		4039.6584 870.9715 4039.6584 870.9715 4039.6584 870.9715 4039.6584 870.9715 4039.6584 870.9715 4039.6584 870.9715 4039.6584 870.9715
	}
	rotation={
		0.0 0.0 0.0 0.0 0.0 0.0 0.0
	}
	height={
		0.0 0.0 0.0 0.0 0.0 0.0 0.0
	}
}
107={
	position={
		4036.2769 810.8686 4036.2769 810.8686 4036.2769 810.8686 4036.2769 810.8686 4036.2769 810.8686 4036.2769 810.8686 4036.2769 810.8686
	}
	rotation={
		0.0 0.0 0.0 0.0 0.0 0.0 0.0
	}
	height={
		0.0 0.0 0.0 0.0 0.0 0.0 0.0
	}
}
108={
	position={
		4079.7341 783.6038 4079.7341 783.6038 4079.7341 783.6038 4079.7341 783.6038 4079.7341 783.6038 4079.7341 783.6038 4079.7341 783.6038
	}
	rotation={
		0.0 0.0 0.0 0.0 0.0 0.0 0.0
	}
	height={
		0.0 0.0 0.0 0.0 0.0 0.0 0.0
	}
}
109={
	position={
		3996.4120 748.2738 3996.4120 748.2738 3996.4120 748.2738 3996.4120 748.2738 3996.4120 748.2738 3996.4120 748.2738 3996.4120 748.2738
	}
	rotation={
		0.0 0.0 0.0 0.0 0.0 0.0 0.0
	}
	height={
		0.0 0.0 0.0 0.0 0.0 0.0 0.0
	}
}
110={
	position={
		3970.9795 810.5116 3970.9795 810.5116 3970.9795 810.5116 3970.9795 810.5116 3970.9795 810.5116 3970.9795 810.5116 3970.9795 810.5116
	}
	rotation={
		0.0 0.0 0.0 0.0 0.0 0.0 0.0
	}
	height={
		0.0 0.0 0.0 0.0 0.0 0.0 0.0
	}
}
111={
	position={
		3917.0427 761.6530 3917.0427 761.6530 3917.0427 761.6530 3917.0427 761.6530 3917.0427 761.6530 3917.0427 761.6530 3917.0427 761.6530
	}
	rotation={
		0.0 0.0 0.0 0.0 0.0 0.0 0.0
	}
	height={
		0.0 0.0 0.0 0.0 0.0 0.0 0.0
	}
}
112={
	position={
		3926.2872 791.6573 3926.2872 791.6573 3926.2872 791.6573 3926.2872 791.6573 3926.2872 791.6573 3926.2872 791.6573 3926.2872 791.6573
	}
	rotation={
		0.0 0.0 0.0 0.0 0.0 0.0 0.0
	}
	height={
		0.0 0.0 0.0 0.0 0.0 0.0 0.0
	}
}
113={
	position={
		3854.6218 789.4588 3854.6218 789.4588 3854.6218 789.4588 3854.6218 789.4588 3854.6218 789.4588 3854.6218 789.4588 3854.6218 789.4588
	}
	rotation={
		0.0 0.0 0.0 0.0 0.0 0.0 0.0
	}
	height={
		0.0 0.0 0.0 0.0 0.0 0.0 0.0
	}
}
114={
	position={
		3921.4983 852.4760 3921.4983 852.4760 3921.4983 852.4760 3921.4983 852.4760 3921.4983 852.4760 3921.4983 852.4760 3921.4983 852.4760
	}
	rotation={
		0.0 0.0 0.0 0.0 0.0 0.0 0.0
	}
	height={
		0.0 0.0 0.0 0.0 0.0 0.0 0.0
	}
}
115={
	position={
		3864.7368 750.5295 3864.7368 750.5295 3864.7368 750.5295 3864.7368 750.5295 3864.7368 750.5295 3864.7368 750.5295 3864.7368 750.5295
	}
	rotation={
		0.0 0.0 0.0 0.0 0.0 0.0 0.0
	}
	height={
		0.0 0.0 0.0 0.0 0.0 0.0 0.0
	}
}
116={
	position={
		3807.8120 741.3205 3807.8120 741.3205 3807.8120 741.3205 3807.8120 741.3205 3807.8120 741.3205 3807.8120 741.3205 3807.8120 741.3205
	}
	rotation={
		0.0 0.0 0.0 0.0 0.0 0.0 0.0
	}
	height={
		0.0 0.0 0.0 0.0 0.0 0.0 0.0
	}
}
117={
	position={
		3830.0829 718.9149 3830.0829 718.9149 3830.0829 718.9149 3830.0829 718.9149 3830.0829 718.9149 3830.0829 718.9149 3830.0829 718.9149
	}
	rotation={
		0.0 0.0 0.0 0.0 0.0 0.0 0.0
	}
	height={
		0.0 0.0 0.0 0.0 0.0 0.0 0.0
	}
}
118={
	position={
		3863.1652 667.4846 3863.1652 667.4846 3863.1652 667.4846 3863.1652 667.4846 3863.1652 667.4846 3863.1652 667.4846 3863.1652 667.4846
	}
	rotation={
		0.0 0.0 0.0 0.0 0.0 0.0 0.0
	}
	height={
		0.0 0.0 0.0 0.0 0.0 0.0 0.0
	}
}
119={
	position={
		3748.6563 727.3787 3748.6563 727.3787 3748.6563 727.3787 3748.6563 727.3787 3748.6563 727.3787 3748.6563 727.3787 3748.6563 727.3787
	}
	rotation={
		0.0 0.0 0.0 0.0 0.0 0.0 0.0
	}
	height={
		0.0 0.0 0.0 0.0 0.0 0.0 0.0
	}
}
120={
	position={
		3788.2911 677.3904 3788.2911 677.3904 3788.2911 677.3904 3788.2911 677.3904 3788.2911 677.3904 3788.2911 677.3904 3788.2911 677.3904
	}
	rotation={
		0.0 0.0 0.0 0.0 0.0 0.0 0.0
	}
	height={
		0.0 0.0 0.0 0.0 0.0 0.0 0.0
	}
}
121={
	position={
		3701.4020 674.8059 3701.4020 674.8059 3701.4020 674.8059 3701.4020 674.8059 3701.4020 674.8059 3701.4020 674.8059 3701.4020 674.8059
	}
	rotation={
		0.0 0.0 0.0 0.0 0.0 0.0 0.0
	}
	height={
		0.0 0.0 0.0 0.0 0.0 0.0 0.0
	}
}
122={
	position={
		3743.7084 636.5349 3743.7084 636.5349 3743.7084 636.5349 3743.7084 636.5349 3743.7084 636.5349 3743.7084 636.5349 3743.7084 636.5349
	}
	rotation={
		0.0 0.0 0.0 0.0 0.0 0.0 0.0
	}
	height={
		0.0 0.0 0.0 0.0 0.0 0.0 0.0
	}
}
123={
	position={
		3730.6192 594.6093 3730.6192 594.6093 3730.6192 594.6093 3730.6192 594.6093 3730.6192 594.6093 3730.6192 594.6093 3730.6192 594.6093
	}
	rotation={
		0.0 0.0 0.0 0.0 0.0 0.0 0.0
	}
	height={
		0.0 0.0 0.0 0.0 0.0 0.0 0.0
	}
}
124={
	position={
		3900.5140 612.6212 3900.5140 612.6212 3900.5140 612.6212 3900.5140 612.6212 3900.5140 612.6212 3900.5140 612.6212 3900.5140 612.6212
	}
	rotation={
		0.0 0.0 0.0 0.0 0.0 0.0 0.0
	}
	height={
		0.0 0.0 0.0 0.0 0.0 0.0 0.0
	}
}
125={
	position={
		3814.9561 614.7451 3814.9561 614.7451 3814.9561 614.7451 3814.9561 614.7451 3814.9561 614.7451 3814.9561 614.7451 3814.9561 614.7451
	}
	rotation={
		0.0 0.0 0.0 0.0 0.0 0.0 0.0
	}
	height={
		0.0 0.0 0.0 0.0 0.0 0.0 0.0
	}
}
126={
	position={
		3855.2337 598.7606 3855.2337 598.7606 3855.2337 598.7606 3855.2337 598.7606 3855.2337 598.7606 3855.2337 598.7606 3855.2337 598.7606
	}
	rotation={
		0.0 0.0 0.0 0.0 0.0 0.0 0.0
	}
	height={
		0.0 0.0 0.0 0.0 0.0 0.0 0.0
	}
}
127={
	position={
		3711.0589 537.5709 3711.0589 537.5709 3711.0589 537.5709 3711.0589 537.5709 3711.0589 537.5709 3711.0589 537.5709 3711.0589 537.5709
	}
	rotation={
		0.0 0.0 0.0 0.0 0.0 0.0 0.0
	}
	height={
		0.0 0.0 0.0 0.0 0.0 0.0 0.0
	}
}
128={
	position={
		3780.2878 466.5512 3780.2878 466.5512 3780.2878 466.5512 3780.2878 466.5512 3780.2878 466.5512 3780.2878 466.5512 3780.2878 466.5512
	}
	rotation={
		0.0 0.0 0.0 0.0 0.0 0.0 0.0
	}
	height={
		0.0 0.0 0.0 0.0 0.0 0.0 0.0
	}
}
129={
	position={
		3718.3250 452.6513 3718.3250 452.6513 3718.3250 452.6513 3718.3250 452.6513 3718.3250 452.6513 3718.3250 452.6513 3718.3250 452.6513
	}
	rotation={
		0.0 0.0 0.0 0.0 0.0 0.0 0.0
	}
	height={
		0.0 0.0 0.0 0.0 0.0 0.0 0.0
	}
}
130={
	position={
		3731.0379 411.9583 3731.0379 411.9583 3731.0379 411.9583 3731.0379 411.9583 3731.0379 411.9583 3731.0379 411.9583 3731.0379 411.9583
	}
	rotation={
		0.0 0.0 0.0 0.0 0.0 0.0 0.0
	}
	height={
		0.0 0.0 0.0 0.0 0.0 0.0 0.0
	}
}
131={
	position={
		3723.4410 370.4951 3723.4410 370.4951 3723.4410 370.4951 3723.4410 370.4951 3723.4410 370.4951 3723.4410 370.4951 3723.4410 370.4951
	}
	rotation={
		0.0 0.0 0.0 0.0 0.0 0.0 0.0
	}
	height={
		0.0 0.0 0.0 0.0 0.0 0.0 0.0
	}
}
132={
	position={
		3674.1787 363.9240 3674.1787 363.9240 3674.1787 363.9240 3674.1787 363.9240 3674.1787 363.9240 3674.1787 363.9240 3674.1787 363.9240
	}
	rotation={
		0.0 0.0 0.0 0.0 0.0 0.0 0.0
	}
	height={
		0.0 0.0 0.0 0.0 0.0 0.0 0.0
	}
}
133={
	position={
		3666.6181 396.8056 3666.6181 396.8056 3666.6181 396.8056 3666.6181 396.8056 3666.6181 396.8056 3666.6181 396.8056 3666.6181 396.8056
	}
	rotation={
		0.0 0.0 0.0 0.0 0.0 0.0 0.0
	}
	height={
		0.0 0.0 0.0 0.0 0.0 0.0 0.0
	}
}
134={
	position={
		3689.0492 399.4049 3689.0492 399.4049 3689.0492 399.4049 3689.0492 399.4049 3689.0492 399.4049 3689.0492 399.4049 3689.0492 399.4049
	}
	rotation={
		0.0 0.0 0.0 0.0 0.0 0.0 0.0
	}
	height={
		0.0 0.0 0.0 0.0 0.0 0.0 0.0
	}
}
135={
	position={
		3646.7453 423.4795 3646.7453 423.4795 3646.7453 423.4795 3646.7453 423.4795 3646.7453 423.4795 3646.7453 423.4795 3646.7453 423.4795
	}
	rotation={
		0.0 0.0 0.0 0.0 0.0 0.0 0.0
	}
	height={
		0.0 0.0 0.0 0.0 0.0 0.0 0.0
	}
}
136={
	position={
		3604.3719 433.2650 3604.3719 433.2650 3604.3719 433.2650 3604.3719 433.2650 3604.3719 433.2650 3604.3719 433.2650 3604.3719 433.2650
	}
	rotation={
		0.0 0.0 0.0 0.0 0.0 0.0 0.0
	}
	height={
		0.0 0.0 0.0 0.0 0.0 0.0 0.0
	}
}
137={
	position={
		3628.5934 476.4867 3628.5934 476.4867 3628.5934 476.4867 3628.5934 476.4867 3628.5934 476.4867 3628.5934 476.4867 3628.5934 476.4867
	}
	rotation={
		0.0 0.0 0.0 0.0 0.0 0.0 0.0
	}
	height={
		0.0 0.0 0.0 0.0 0.0 0.0 0.0
	}
}
138={
	position={
		3578.3754 461.6892 3578.3754 461.6892 3578.3754 461.6892 3578.3754 461.6892 3578.3754 461.6892 3578.3754 461.6892 3578.3754 461.6892
	}
	rotation={
		0.0 0.0 0.0 0.0 0.0 0.0 0.0
	}
	height={
		0.0 0.0 0.0 0.0 0.0 0.0 0.0
	}
}
139={
	position={
		3634.2745 450.5033 3634.2745 450.5033 3634.2745 450.5033 3634.2745 450.5033 3634.2745 450.5033 3634.2745 450.5033 3634.2745 450.5033
	}
	rotation={
		0.0 0.0 0.0 0.0 0.0 0.0 0.0
	}
	height={
		0.0 0.0 0.0 0.0 0.0 0.0 0.0
	}
}
140={
	position={
		3687.0442 435.6274 3687.0442 435.6274 3687.0442 435.6274 3687.0442 435.6274 3687.0442 435.6274 3687.0442 435.6274 3687.0442 435.6274
	}
	rotation={
		0.0 0.0 0.0 0.0 0.0 0.0 0.0
	}
	height={
		0.0 0.0 0.0 0.0 0.0 0.0 0.0
	}
}
141={
	position={
		3673.2139 474.8328 3673.2139 474.8328 3673.2139 474.8328 3673.2139 474.8328 3673.2139 474.8328 3673.2139 474.8328 3673.2139 474.8328
	}
	rotation={
		0.0 0.0 0.0 0.0 0.0 0.0 0.0
	}
	height={
		0.0 0.0 0.0 0.0 0.0 0.0 0.0
	}
}
142={
	position={
		3673.7672 518.0421 3673.7672 518.0421 3673.7672 518.0421 3673.7672 518.0421 3673.7672 518.0421 3673.7672 518.0421 3673.7672 518.0421
	}
	rotation={
		0.0 0.0 0.0 0.0 0.0 0.0 0.0
	}
	height={
		0.0 0.0 0.0 0.0 0.0 0.0 0.0
	}
}
143={
	position={
		3578.0173 503.3791 3578.0173 503.3791 3578.0173 503.3791 3578.0173 503.3791 3578.0173 503.3791 3578.0173 503.3791 3578.0173 503.3791
	}
	rotation={
		0.0 0.0 0.0 0.0 0.0 0.0 0.0
	}
	height={
		0.0 0.0 0.0 0.0 0.0 0.0 0.0
	}
}
144={
	position={
		3619.6601 537.6385 3619.6601 537.6385 3619.6601 537.6385 3619.6601 537.6385 3619.6601 537.6385 3619.6601 537.6385 3619.6601 537.6385
	}
	rotation={
		0.0 0.0 0.0 0.0 0.0 0.0 0.0
	}
	height={
		0.0 0.0 0.0 0.0 0.0 0.0 0.0
	}
}
145={
	position={
		3533.1168 542.1707 3533.1168 542.1707 3533.1168 542.1707 3533.1168 542.1707 3533.1168 542.1707 3533.1168 542.1707 3533.1168 542.1707
	}
	rotation={
		0.0 0.0 0.0 0.0 0.0 0.0 0.0
	}
	height={
		0.0 0.0 0.0 0.0 0.0 0.0 0.0
	}
}
146={
	position={
		3560.4964 537.5398 3560.4964 537.5398 3560.4964 537.5398 3560.4964 537.5398 3560.4964 537.5398 3560.4964 537.5398 3560.4964 537.5398
	}
	rotation={
		0.0 0.0 0.0 0.0 0.0 0.0 0.0
	}
	height={
		0.0 0.0 0.0 0.0 0.0 0.0 0.0
	}
}
147={
	position={
		3564.7829 576.0904 3564.7829 576.0904 3564.7829 576.0904 3564.7829 576.0904 3564.7829 576.0904 3564.7829 576.0904 3564.7829 576.0904
	}
	rotation={
		0.0 0.0 0.0 0.0 0.0 0.0 0.0
	}
	height={
		0.0 0.0 0.0 0.0 0.0 0.0 0.0
	}
}
148={
	position={
		3550.0923 611.1009 3550.0923 611.1009 3550.0923 611.1009 3550.0923 611.1009 3550.0923 611.1009 3550.0923 611.1009 3550.0923 611.1009
	}
	rotation={
		0.0 0.0 0.0 0.0 0.0 0.0 0.0
	}
	height={
		0.0 0.0 0.0 0.0 0.0 0.0 0.0
	}
}
149={
	position={
		3634.6679 623.3067 3634.6679 623.3067 3634.6679 623.3067 3634.6679 623.3067 3634.6679 623.3067 3634.6679 623.3067 3634.6679 623.3067
	}
	rotation={
		0.0 0.0 0.0 0.0 0.0 0.0 0.0
	}
	height={
		0.0 0.0 0.0 0.0 0.0 0.0 0.0
	}
}
150={
	position={
		3664.4812 599.2421 3664.4812 599.2421 3664.4812 599.2421 3664.4812 599.2421 3664.4812 599.2421 3664.4812 599.2421 3664.4812 599.2421
	}
	rotation={
		0.0 0.0 0.0 0.0 0.0 0.0 0.0
	}
	height={
		0.0 0.0 0.0 0.0 0.0 0.0 0.0
	}
}
151={
	position={
		3454.2114 570.7886 3454.2114 570.7886 3454.2114 570.7886 3454.2114 570.7886 3454.2114 570.7886 3454.2114 570.7886 3454.2114 570.7886
	}
	rotation={
		0.0 0.0 0.0 0.0 0.0 0.0 0.0
	}
	height={
		0.0 0.0 0.0 0.0 0.0 0.0 0.0
	}
}
152={
	position={
		3485.3524 604.3699 3485.3524 604.3699 3485.3524 604.3699 3485.3524 604.3699 3485.3524 604.3699 3485.3524 604.3699 3485.3524 604.3699
	}
	rotation={
		0.0 0.0 0.0 0.0 0.0 0.0 0.0
	}
	height={
		0.0 0.0 0.0 0.0 0.0 0.0 0.0
	}
}
153={
	position={
		3485.7679 635.8000 3485.7679 635.8000 3485.7679 635.8000 3485.7679 635.8000 3485.7679 635.8000 3485.7679 635.8000 3485.7679 635.8000
	}
	rotation={
		0.0 0.0 0.0 0.0 0.0 0.0 0.0
	}
	height={
		0.0 0.0 0.0 0.0 0.0 0.0 0.0
	}
}
154={
	position={
		3449.9724 662.4219 3449.9724 662.4219 3449.9724 662.4219 3449.9724 662.4219 3449.9724 662.4219 3449.9724 662.4219 3449.9724 662.4219
	}
	rotation={
		0.0 0.0 0.0 0.0 0.0 0.0 0.0
	}
	height={
		0.0 0.0 0.0 0.0 0.0 0.0 0.0
	}
}
155={
	position={
		3429.0380 624.7789 3429.0380 624.7789 3429.0380 624.7789 3429.0380 624.7789 3429.0380 624.7789 3429.0380 624.7789 3429.0380 624.7789
	}
	rotation={
		0.0 0.0 0.0 0.0 0.0 0.0 0.0
	}
	height={
		0.0 0.0 0.0 0.0 0.0 0.0 0.0
	}
}
156={
	position={
		3428.0706 595.8134 3428.0706 595.8134 3428.0706 595.8134 3428.0706 595.8134 3428.0706 595.8134 3428.0706 595.8134 3428.0706 595.8134
	}
	rotation={
		0.0 0.0 0.0 0.0 0.0 0.0 0.0
	}
	height={
		0.0 0.0 0.0 0.0 0.0 0.0 0.0
	}
}
157={
	position={
		3416.9346 571.8879 3416.9346 571.8879 3416.9346 571.8879 3416.9346 571.8879 3416.9346 571.8879 3416.9346 571.8879 3416.9346 571.8879
	}
	rotation={
		0.0 0.0 0.0 0.0 0.0 0.0 0.0
	}
	height={
		0.0 0.0 0.0 0.0 0.0 0.0 0.0
	}
}
158={
	position={
		3385.0551 565.6928 3385.0551 565.6928 3385.0551 565.6928 3385.0551 565.6928 3385.0551 565.6928 3385.0551 565.6928 3385.0551 565.6928
	}
	rotation={
		0.0 0.0 0.0 0.0 0.0 0.0 0.0
	}
	height={
		0.0 0.0 0.0 0.0 0.0 0.0 0.0
	}
}
159={
	position={
		3376.4383 600.3412 3376.4383 600.3412 3376.4383 600.3412 3376.4383 600.3412 3376.4383 600.3412 3376.4383 600.3412 3376.4383 600.3412
	}
	rotation={
		0.0 0.0 0.0 0.0 0.0 0.0 0.0
	}
	height={
		0.0 0.0 0.0 0.0 0.0 0.0 0.0
	}
}
160={
	position={
		3847.2987 462.9747 3847.2987 462.9747 3847.2987 462.9747 3847.2987 462.9747 3847.2987 462.9747 3847.2987 462.9747 3847.2987 462.9747
	}
	rotation={
		0.0 0.0 0.0 0.0 0.0 0.0 0.0
	}
	height={
		0.0 0.0 0.0 0.0 0.0 0.0 0.0
	}
}
161={
	position={
		3864.9000 353.1500 3864.9000 353.1500 3864.9000 353.1500 3864.9000 353.1500 3864.9000 353.1500 3864.9000 353.1500 3864.9000 353.1500
	}
	rotation={
		0.0 0.0 0.0 0.0 0.0 0.0 0.0
	}
	height={
		0.0 0.0 0.0 0.0 0.0 0.0 0.0
	}
}
162={
	position={
		4012.0430 357.9140 4012.0430 357.9140 4012.0430 357.9140 4012.0430 357.9140 4012.0430 357.9140 4012.0430 357.9140 4012.0430 357.9140
	}
	rotation={
		0.0 0.0 0.0 0.0 0.0 0.0 0.0
	}
	height={
		0.0 0.0 0.0 0.0 0.0 0.0 0.0
	}
}
163={
	position={
		3537.9777 701.7012 3537.9777 701.7012 3537.9777 701.7012 3537.9777 701.7012 3537.9777 701.7012 3537.9777 701.7012 3537.9777 701.7012
	}
	rotation={
		0.0 0.0 0.0 0.0 0.0 0.0 0.0
	}
	height={
		0.0 0.0 0.0 0.0 0.0 0.0 0.0
	}
}
164={
	position={
		4003.8183 853.7992 4003.8183 853.7992 4003.8183 853.7992 4003.8183 853.7992 4003.8183 853.7992 4003.8183 853.7992 4003.8183 853.7992
	}
	rotation={
		0.0 0.0 0.0 0.0 0.0 0.0 0.0
	}
	height={
		0.0 0.0 0.0 0.0 0.0 0.0 0.0
	}
}
165={
	position={
		3824.3937 853.6467 3824.3937 853.6467 3824.3937 853.6467 3824.3937 853.6467 3824.3937 853.6467 3824.3937 853.6467 3824.3937 853.6467
	}
	rotation={
		0.0 0.0 0.0 0.0 0.0 0.0 0.0
	}
	height={
		0.0 0.0 0.0 0.0 0.0 0.0 0.0
	}
}
166={
	position={
		3858.4978 892.5087 3858.4978 892.5087 3858.4978 892.5087 3858.4978 892.5087 3858.4978 892.5087 3858.4978 892.5087 3858.4978 892.5087
	}
	rotation={
		0.0 0.0 0.0 0.0 0.0 0.0 0.0
	}
	height={
		0.0 0.0 0.0 0.0 0.0 0.0 0.0
	}
}
167={
	position={
		3817.3427 885.7273 3817.3427 885.7273 3817.3427 885.7273 3817.3427 885.7273 3817.3427 885.7273 3817.3427 885.7273 3817.3427 885.7273
	}
	rotation={
		0.0 0.0 0.0 0.0 0.0 0.0 0.0
	}
	height={
		0.0 0.0 0.0 0.0 0.0 0.0 0.0
	}
}
168={
	position={
		3830.9477 908.7046 3830.9477 908.7046 3830.9477 908.7046 3830.9477 908.7046 3830.9477 908.7046 3830.9477 908.7046 3830.9477 908.7046
	}
	rotation={
		0.0 0.0 0.0 0.0 0.0 0.0 0.0
	}
	height={
		0.0 0.0 0.0 0.0 0.0 0.0 0.0
	}
}
169={
	position={
		3843.9535 923.4380 3843.9535 923.4380 3843.9535 923.4380 3843.9535 923.4380 3843.9535 923.4380 3843.9535 923.4380 3843.9535 923.4380
	}
	rotation={
		0.0 0.0 0.0 0.0 0.0 0.0 0.0
	}
	height={
		0.0 0.0 0.0 0.0 0.0 0.0 0.0
	}
}
170={
	position={
		3879.7400 919.7511 3879.7400 919.7511 3879.7400 919.7511 3879.7400 919.7511 3879.7400 919.7511 3879.7400 919.7511 3879.7400 919.7511
	}
	rotation={
		0.0 0.0 0.0 0.0 0.0 0.0 0.0
	}
	height={
		0.0 0.0 0.0 0.0 0.0 0.0 0.0
	}
}
171={
	position={
		3832.2556 951.7975 3832.2556 951.7975 3832.2556 951.7975 3832.2556 951.7975 3832.2556 951.7975 3832.2556 951.7975 3832.2556 951.7975
	}
	rotation={
		0.0 0.0 0.0 0.0 0.0 0.0 0.0
	}
	height={
		0.0 0.0 0.0 0.0 0.0 0.0 0.0
	}
}
172={
	position={
		3938.6673 916.0401 3938.6673 916.0401 3938.6673 916.0401 3938.6673 916.0401 3938.6673 916.0401 3938.6673 916.0401 3938.6673 916.0401
	}
	rotation={
		0.0 0.0 0.0 0.0 0.0 0.0 0.0
	}
	height={
		0.0 0.0 0.0 0.0 0.0 0.0 0.0
	}
}
173={
	position={
		3996.0541 919.1652 3996.0541 919.1652 3996.0541 919.1652 3996.0541 919.1652 3996.0541 919.1652 3996.0541 919.1652 3996.0541 919.1652
	}
	rotation={
		0.0 0.0 0.0 0.0 0.0 0.0 0.0
	}
	height={
		0.0 0.0 0.0 0.0 0.0 0.0 0.0
	}
}
174={
	position={
		3999.0781 960.0107 3999.0781 960.0107 3999.0781 960.0107 3999.0781 960.0107 3999.0781 960.0107 3999.0781 960.0107 3999.0781 960.0107
	}
	rotation={
		0.0 0.0 0.0 0.0 0.0 0.0 0.0
	}
	height={
		0.0 0.0 0.0 0.0 0.0 0.0 0.0
	}
}
175={
	position={
		3997.5221 999.1350 3997.5221 999.1350 3997.5221 999.1350 3997.5221 999.1350 3997.5221 999.1350 3997.5221 999.1350 3997.5221 999.1350
	}
	rotation={
		0.0 0.0 0.0 0.0 0.0 0.0 0.0
	}
	height={
		0.0 0.0 0.0 0.0 0.0 0.0 0.0
	}
}
176={
	position={
		3924.6244 964.9296 3924.6244 964.9296 3924.6244 964.9296 3924.6244 964.9296 3924.6244 964.9296 3924.6244 964.9296 3924.6244 964.9296
	}
	rotation={
		0.0 0.0 0.0 0.0 0.0 0.0 0.0
	}
	height={
		0.0 0.0 0.0 0.0 0.0 0.0 0.0
	}
}
177={
	position={
		3891.0017 959.0898 3891.0017 959.0898 3891.0017 959.0898 3891.0017 959.0898 3891.0017 959.0898 3891.0017 959.0898 3891.0017 959.0898
	}
	rotation={
		0.0 0.0 0.0 0.0 0.0 0.0 0.0
	}
	height={
		0.0 0.0 0.0 0.0 0.0 0.0 0.0
	}
}
178={
	position={
		3946.9594 992.6348 3946.9594 992.6348 3946.9594 992.6348 3946.9594 992.6348 3946.9594 992.6348 3946.9594 992.6348 3946.9594 992.6348
	}
	rotation={
		0.0 0.0 0.0 0.0 0.0 0.0 0.0
	}
	height={
		0.0 0.0 0.0 0.0 0.0 0.0 0.0
	}
}
179={
	position={
		3910.8847 1016.2836 3910.8847 1016.2836 3910.8847 1016.2836 3910.8847 1016.2836 3910.8847 1016.2836 3910.8847 1016.2836 3910.8847 1016.2836
	}
	rotation={
		0.0 0.0 0.0 0.0 0.0 0.0 0.0
	}
	height={
		0.0 0.0 0.0 0.0 0.0 0.0 0.0
	}
}
180={
	position={
		3911.2968 1048.3897 3911.2968 1048.3897 3911.2968 1048.3897 3911.2968 1048.3897 3911.2968 1048.3897 3911.2968 1048.3897 3911.2968 1048.3897
	}
	rotation={
		0.0 0.0 0.0 0.0 0.0 0.0 0.0
	}
	height={
		0.0 0.0 0.0 0.0 0.0 0.0 0.0
	}
}
181={
	position={
		3858.3255 1021.9897 3858.3255 1021.9897 3858.3255 1021.9897 3858.3255 1021.9897 3858.3255 1021.9897 3858.3255 1021.9897 3858.3255 1021.9897
	}
	rotation={
		0.0 0.0 0.0 0.0 0.0 0.0 0.0
	}
	height={
		0.0 0.0 0.0 0.0 0.0 0.0 0.0
	}
}
182={
	position={
		3833.5463 1064.2761 3833.5463 1064.2761 3833.5463 1064.2761 3833.5463 1064.2761 3833.5463 1064.2761 3833.5463 1064.2761 3833.5463 1064.2761
	}
	rotation={
		0.0 0.0 0.0 0.0 0.0 0.0 0.0
	}
	height={
		0.0 0.0 0.0 0.0 0.0 0.0 0.0
	}
}
183={
	position={
		3810.9057 1115.2264 3810.9057 1115.2264 3810.9057 1115.2264 3810.9057 1115.2264 3810.9057 1115.2264 3810.9057 1115.2264 3810.9057 1115.2264
	}
	rotation={
		0.0 0.0 0.0 0.0 0.0 0.0 0.0
	}
	height={
		0.0 0.0 0.0 0.0 0.0 0.0 0.0
	}
}
184={
	position={
		3769.0098 1004.7531 3769.0098 1004.7531 3769.0098 1004.7531 3769.0098 1004.7531 3769.0098 1004.7531 3769.0098 1004.7531 3769.0098 1004.7531
	}
	rotation={
		0.0 0.0 0.0 0.0 0.0 0.0 0.0
	}
	height={
		0.0 0.0 0.0 0.0 0.0 0.0 0.0
	}
}
185={
	position={
		3822.0048 1039.9661 3822.0048 1039.9661 3822.0048 1039.9661 3822.0048 1039.9661 3822.0048 1039.9661 3822.0048 1039.9661 3822.0048 1039.9661
	}
	rotation={
		0.0 0.0 0.0 0.0 0.0 0.0 0.0
	}
	height={
		0.0 0.0 0.0 0.0 0.0 0.0 0.0
	}
}
186={
	position={
		3706.1250 1021.9539 3706.1250 1021.9539 3706.1250 1021.9539 3706.1250 1021.9539 3706.1250 1021.9539 3706.1250 1021.9539 3706.1250 1021.9539
	}
	rotation={
		0.0 0.0 0.0 0.0 0.0 0.0 0.0
	}
	height={
		0.0 0.0 0.0 0.0 0.0 0.0 0.0
	}
}
187={
	position={
		3723.9543 1014.1624 3723.9543 1014.1624 3723.9543 1014.1624 3723.9543 1014.1624 3723.9543 1014.1624 3723.9543 1014.1624 3723.9543 1014.1624
	}
	rotation={
		0.0 0.0 0.0 0.0 0.0 0.0 0.0
	}
	height={
		0.0 0.0 0.0 0.0 0.0 0.0 0.0
	}
}
188={
	position={
		3854.9850 989.0890 3854.9850 989.0890 3854.9850 989.0890 3854.9850 989.0890 3854.9850 989.0890 3854.9850 989.0890 3854.9850 989.0890
	}
	rotation={
		0.0 0.0 0.0 0.0 0.0 0.0 0.0
	}
	height={
		0.0 0.0 0.0 0.0 0.0 0.0 0.0
	}
}
189={
	position={
		3736.9786 930.2064 3736.9786 930.2064 3736.9786 930.2064 3736.9786 930.2064 3736.9786 930.2064 3736.9786 930.2064 3736.9786 930.2064
	}
	rotation={
		0.0 0.0 0.0 0.0 0.0 0.0 0.0
	}
	height={
		0.0 0.0 0.0 0.0 0.0 0.0 0.0
	}
}
190={
	position={
		3694.1011 894.6185 3694.1011 894.6185 3694.1011 894.6185 3694.1011 894.6185 3694.1011 894.6185 3694.1011 894.6185 3694.1011 894.6185
	}
	rotation={
		0.0 0.0 0.0 0.0 0.0 0.0 0.0
	}
	height={
		0.0 0.0 0.0 0.0 0.0 0.0 0.0
	}
}
191={
	position={
		3642.9004 834.6763 3642.9004 834.6763 3642.9004 834.6763 3642.9004 834.6763 3642.9004 834.6763 3642.9004 834.6763 3642.9004 834.6763
	}
	rotation={
		0.0 0.0 0.0 0.0 0.0 0.0 0.0
	}
	height={
		0.0 0.0 0.0 0.0 0.0 0.0 0.0
	}
}
192={
	position={
		3633.5912 887.1026 3633.5912 887.1026 3633.5912 887.1026 3633.5912 887.1026 3633.5912 887.1026 3633.5912 887.1026 3633.5912 887.1026
	}
	rotation={
		0.0 0.0 0.0 0.0 0.0 0.0 0.0
	}
	height={
		0.0 0.0 0.0 0.0 0.0 0.0 0.0
	}
}
193={
	position={
		3651.1861 921.6700 3651.1861 921.6700 3651.1861 921.6700 3651.1861 921.6700 3651.1861 921.6700 3651.1861 921.6700 3651.1861 921.6700
	}
	rotation={
		0.0 0.0 0.0 0.0 0.0 0.0 0.0
	}
	height={
		0.0 0.0 0.0 0.0 0.0 0.0 0.0
	}
}
194={
	position={
		3688.6824 936.3570 3688.6824 936.3570 3688.6824 936.3570 3688.6824 936.3570 3688.6824 936.3570 3688.6824 936.3570 3688.6824 936.3570
	}
	rotation={
		0.0 0.0 0.0 0.0 0.0 0.0 0.0
	}
	height={
		0.0 0.0 0.0 0.0 0.0 0.0 0.0
	}
}
195={
	position={
		3699.2610 979.0952 3699.2610 979.0952 3699.2610 979.0952 3699.2610 979.0952 3699.2610 979.0952 3699.2610 979.0952 3699.2610 979.0952
	}
	rotation={
		0.0 0.0 0.0 0.0 0.0 0.0 0.0
	}
	height={
		0.0 0.0 0.0 0.0 0.0 0.0 0.0
	}
}
196={
	position={
		3678.1075 994.2533 3678.1075 994.2533 3678.1075 994.2533 3678.1075 994.2533 3678.1075 994.2533 3678.1075 994.2533 3678.1075 994.2533
	}
	rotation={
		0.0 0.0 0.0 0.0 0.0 0.0 0.0
	}
	height={
		0.0 0.0 0.0 0.0 0.0 0.0 0.0
	}
}
197={
	position={
		3654.4678 949.9010 3654.4678 949.9010 3654.4678 949.9010 3654.4678 949.9010 3654.4678 949.9010 3654.4678 949.9010 3654.4678 949.9010
	}
	rotation={
		0.0 0.0 0.0 0.0 0.0 0.0 0.0
	}
	height={
		0.0 0.0 0.0 0.0 0.0 0.0 0.0
	}
}
198={
	position={
		3622.0572 955.5975 3622.0572 955.5975 3622.0572 955.5975 3622.0572 955.5975 3622.0572 955.5975 3622.0572 955.5975 3622.0572 955.5975
	}
	rotation={
		0.0 0.0 0.0 0.0 0.0 0.0 0.0
	}
	height={
		0.0 0.0 0.0 0.0 0.0 0.0 0.0
	}
}
199={
	position={
		3975.9783 1044.4840 3975.9783 1044.4840 3975.9783 1044.4840 3975.9783 1044.4840 3975.9783 1044.4840 3975.9783 1044.4840 3975.9783 1044.4840
	}
	rotation={
		0.0 0.0 0.0 0.0 0.0 0.0 0.0
	}
	height={
		0.0 0.0 0.0 0.0 0.0 0.0 0.0
	}
}
200={
	position={
		3962.1914 1088.5672 3962.1914 1088.5672 3962.1914 1088.5672 3962.1914 1088.5672 3962.1914 1088.5672 3962.1914 1088.5672 3962.1914 1088.5672
	}
	rotation={
		0.0 0.0 0.0 0.0 0.0 0.0 0.0
	}
	height={
		0.0 0.0 0.0 0.0 0.0 0.0 0.0
	}
}
201={
	position={
		3898.4467 1109.3547 3898.4467 1109.3547 3898.4467 1109.3547 3898.4467 1109.3547 3898.4467 1109.3547 3898.4467 1109.3547 3898.4467 1109.3547
	}
	rotation={
		0.0 0.0 0.0 0.0 0.0 0.0 0.0
	}
	height={
		0.0 0.0 0.0 0.0 0.0 0.0 0.0
	}
}
202={
	position={
		4029.4058 1152.6588 4029.4058 1152.6588 4029.4058 1152.6588 4029.4058 1152.6588 4029.4058 1152.6588 4029.4058 1152.6588 4029.4058 1152.6588
	}
	rotation={
		0.0 0.0 0.0 0.0 0.0 0.0 0.0
	}
	height={
		0.0 0.0 0.0 0.0 0.0 0.0 0.0
	}
}
203={
	position={
		3959.8125 1140.3298 3959.8125 1140.3298 3959.8125 1140.3298 3959.8125 1140.3298 3959.8125 1140.3298 3959.8125 1140.3298 3959.8125 1140.3298
	}
	rotation={
		0.0 0.0 0.0 0.0 0.0 0.0 0.0
	}
	height={
		0.0 0.0 0.0 0.0 0.0 0.0 0.0
	}
}
204={
	position={
		3987.7688 1131.3834 3987.7688 1131.3834 3987.7688 1131.3834 3987.7688 1131.3834 3987.7688 1131.3834 3987.7688 1131.3834 3987.7688 1131.3834
	}
	rotation={
		0.0 0.0 0.0 0.0 0.0 0.0 0.0
	}
	height={
		0.0 0.0 0.0 0.0 0.0 0.0 0.0
	}
}
